# unix_time, cycles_done, cur_path, paths_total, pending_total, pending_favs, map_size, unique_crashes, unique_hangs, max_depth, execs_per_sec
1617217318, 0, 0, 1, 1, 1, 0.06%, 0, 0, 1, 666.67
1617217323, 0, 0, 23, 23, 1, 0.06%, 0, 0, 2, 816.08
1617217364, 0, 5, 23, 22, 4, 0.06%, 0, 0, 2, 777.65
1617217389, 0, 11, 23, 20, 2, 0.06%, 0, 0, 2, 867.10
1617217394, 1, 9, 23, 18, 0, 0.06%, 0, 0, 2, 986.01
1617217409, 1, 16, 23, 17, 0, 0.06%, 0, 0, 2, 1049.04
1617217415, 1, 19, 23, 15, 0, 0.06%, 0, 0, 2, 1263.33
1617217420, 2, 7, 23, 13, 0, 0.06%, 0, 0, 2, 1289.60
1617217430, 3, 1, 23, 11, 0, 0.06%, 0, 0, 2, 1330.22
1617217435, 3, 14, 23, 9, 0, 0.06%, 0, 0, 2, 1256.05
1617217460, 3, 22, 23, 8, 0, 0.06%, 0, 0, 2, 1062.88
1617217465, 4, 13, 23, 6, 0, 0.06%, 0, 0, 2, 1215.79
1617217470, 5, 5, 23, 4, 0, 0.06%, 0, 0, 2, 1205.82
1617217475, 5, 8, 23, 4, 0, 0.06%, 0, 0, 2, 1065.72
1617217496, 5, 12, 23, 3, 0, 0.06%, 0, 0, 2, 1006.30
1617217516, 6, 15, 23, 2, 0, 0.06%, 0, 0, 2, 1017.28
1617217521, 8, 17, 23, 2, 0, 0.06%, 0, 0, 2, 1115.09
1617217526, 10, 20, 23, 1, 0, 0.06%, 0, 0, 2, 1189.66
1617217531, 13, 6, 23, 0, 0, 0.06%, 0, 0, 2, 1137.72
1617217536, 16, 5, 23, 0, 0, 0.06%, 0, 0, 2, 1223.86
1617217542, 19, 5, 23, 0, 0, 0.06%, 0, 0, 2, 1192.93
1617217547, 22, 5, 23, 0, 0, 0.06%, 0, 0, 2, 1223.12
1617217552, 24, 15, 23, 0, 0, 0.06%, 0, 0, 2, 1211.76
1617217557, 28, 5, 23, 0, 0, 0.06%, 0, 0, 2, 1187.42
1617217562, 31, 5, 23, 0, 0, 0.06%, 0, 0, 2, 1210.06
1617217567, 34, 6, 23, 0, 0, 0.06%, 0, 0, 2, 1165.86
1617217572, 37, 11, 23, 0, 0, 0.06%, 0, 0, 2, 1248.96
1617217577, 40, 3, 23, 0, 0, 0.06%, 0, 0, 2, 1192.01
1617217582, 43, 11, 23, 0, 0, 0.06%, 0, 0, 2, 1241.39
1617217587, 47, 6, 23, 0, 0, 0.06%, 0, 0, 2, 1217.01
1617217592, 49, 5, 23, 0, 0, 0.06%, 0, 0, 2, 1200.95
1617217597, 52, 15, 23, 0, 0, 0.06%, 0, 0, 2, 1210.31
1617217602, 55, 18, 23, 0, 0, 0.06%, 0, 0, 2, 1168.69
1617217607, 58, 15, 23, 0, 0, 0.06%, 0, 0, 2, 1240.95
1617217612, 62, 5, 23, 0, 0, 0.06%, 0, 0, 2, 1174.94
1617217617, 66, 5, 23, 0, 0, 0.06%, 0, 0, 2, 1247.68
1617217622, 69, 15, 23, 0, 0, 0.06%, 0, 0, 2, 1212.74
1617217628, 72, 5, 23, 0, 0, 0.06%, 0, 0, 2, 1209.43
1617217633, 75, 11, 23, 0, 0, 0.06%, 0, 0, 2, 1229.58
1617217638, 78, 6, 23, 0, 0, 0.06%, 0, 0, 2, 1163.03
1617217643, 82, 5, 23, 0, 0, 0.06%, 0, 0, 2, 1246.37
1617217648, 84, 11, 23, 0, 0, 0.06%, 0, 0, 2, 1175.72
1617217653, 87, 17, 23, 0, 0, 0.06%, 0, 0, 2, 1253.50
1617217658, 90, 15, 23, 0, 0, 0.06%, 0, 0, 2, 1189.42
1617217663, 94, 5, 23, 0, 0, 0.06%, 0, 0, 2, 1226.47
1617217668, 97, 6, 23, 0, 0, 0.06%, 0, 0, 2, 1222.86
1617217673, 101, 5, 23, 0, 0, 0.06%, 0, 0, 2, 1199.45
1617217678, 104, 6, 23, 0, 0, 0.06%, 0, 0, 2, 1210.73
1617217684, 108, 5, 23, 0, 0, 0.06%, 0, 0, 2, 1131.78
1617217689, 111, 22, 23, 0, 0, 0.06%, 0, 0, 2, 1210.26
1617217694, 114, 5, 23, 0, 0, 0.06%, 0, 0, 2, 1176.39
1617217699, 117, 5, 23, 0, 0, 0.06%, 0, 0, 2, 1250.50
1617217704, 120, 11, 23, 0, 0, 0.06%, 0, 0, 2, 1184.80
1617217709, 123, 5, 23, 0, 0, 0.06%, 0, 0, 2, 1241.17
1617217714, 127, 11, 23, 0, 0, 0.06%, 0, 0, 2, 1240.36
1617217719, 129, 11, 23, 0, 0, 0.06%, 0, 0, 2, 1203.73
1617217724, 133, 5, 23, 0, 0, 0.06%, 0, 0, 2, 1194.84
1617217730, 136, 14, 23, 0, 0, 0.06%, 0, 0, 2, 1175.15
1617217735, 140, 5, 23, 0, 0, 0.06%, 0, 0, 2, 1122.10
1617217740, 142, 2, 23, 0, 0, 0.06%, 0, 0, 2, 1176.42
1617217745, 145, 5, 23, 0, 0, 0.06%, 0, 0, 2, 1179.41
1617217750, 147, 8, 23, 0, 0, 0.06%, 0, 0, 2, 1232.30
1617217755, 150, 5, 23, 0, 0, 0.06%, 0, 0, 2, 1185.54
1617217760, 153, 15, 23, 0, 0, 0.06%, 0, 0, 2, 1250.31
1617217765, 156, 7, 23, 0, 0, 0.06%, 0, 0, 2, 1212.23
1617217770, 159, 15, 23, 0, 0, 0.06%, 0, 0, 2, 1221.14
1617217775, 162, 15, 23, 0, 0, 0.06%, 0, 0, 2, 1217.81
1617217780, 165, 15, 23, 0, 0, 0.06%, 0, 0, 2, 1152.92
1617217785, 169, 15, 23, 0, 0, 0.06%, 0, 0, 2, 1223.61
1617217791, 172, 11, 23, 0, 0, 0.06%, 0, 0, 2, 1178.55
1617217796, 176, 6, 23, 0, 0, 0.06%, 0, 0, 2, 1242.53
1617217801, 179, 5, 23, 0, 0, 0.06%, 0, 0, 2, 1123.61
1617217806, 181, 10, 23, 0, 0, 0.06%, 0, 0, 2, 1209.78
1617217811, 185, 5, 23, 0, 0, 0.06%, 0, 0, 2, 1206.88
1617217816, 188, 11, 23, 0, 0, 0.06%, 0, 0, 2, 1166.86
1617217822, 191, 15, 23, 0, 0, 0.06%, 0, 0, 2, 1198.88
1617217827, 195, 5, 23, 0, 0, 0.06%, 0, 0, 2, 1189.93
1617217832, 198, 6, 23, 0, 0, 0.06%, 0, 0, 2, 1229.40
1617217837, 201, 11, 23, 0, 0, 0.06%, 0, 0, 2, 1179.85
1617217842, 205, 5, 23, 0, 0, 0.06%, 0, 0, 2, 1259.92
1617217847, 209, 5, 23, 0, 0, 0.06%, 0, 0, 2, 1196.26
1617217852, 212, 22, 23, 0, 0, 0.06%, 0, 0, 2, 1243.56
1617217857, 215, 19, 23, 0, 0, 0.06%, 0, 0, 2, 1232.35
1617217862, 218, 5, 23, 0, 0, 0.06%, 0, 0, 2, 1175.95
1617217867, 220, 5, 23, 0, 0, 0.06%, 0, 0, 2, 1183.68
1617217872, 223, 5, 23, 0, 0, 0.06%, 0, 0, 2, 1174.93
1617217877, 227, 5, 23, 0, 0, 0.06%, 0, 0, 2, 1191.23
1617217883, 229, 13, 23, 0, 0, 0.06%, 0, 0, 2, 1168.76
1617217888, 233, 5, 23, 0, 0, 0.06%, 0, 0, 2, 1264.07
1617217893, 235, 22, 23, 0, 0, 0.06%, 0, 0, 2, 1193.47
1617217898, 238, 9, 23, 0, 0, 0.06%, 0, 0, 2, 1239.62
1617217903, 240, 11, 23, 0, 0, 0.06%, 0, 0, 2, 1222.73
1617217908, 243, 6, 23, 0, 0, 0.06%, 0, 0, 2, 1168.09
1617217913, 246, 5, 23, 0, 0, 0.06%, 0, 0, 2, 1219.89
1617217918, 248, 15, 23, 0, 0, 0.06%, 0, 0, 2, 1179.15
1617217923, 253, 5, 23, 0, 0, 0.06%, 0, 0, 2, 1256.99
1617217928, 255, 11, 23, 0, 0, 0.06%, 0, 0, 2, 1175.21
1617217933, 259, 0, 23, 0, 0, 0.06%, 0, 0, 2, 1239.87
1617217938, 262, 5, 23, 0, 0, 0.06%, 0, 0, 2, 1235.13
1617217944, 266, 5, 23, 0, 0, 0.06%, 0, 0, 2, 1223.41
1617217949, 269, 5, 23, 0, 0, 0.06%, 0, 0, 2, 1147.59
1617217954, 272, 1, 23, 0, 0, 0.06%, 0, 0, 2, 1239.61
1617217959, 274, 11, 23, 0, 0, 0.06%, 0, 0, 2, 1145.21
1617217964, 277, 11, 23, 0, 0, 0.06%, 0, 0, 2, 1247.57
1617217969, 281, 2, 23, 0, 0, 0.06%, 0, 0, 2, 1212.88
1617217975, 283, 17, 23, 0, 0, 0.06%, 0, 0, 2, 1244.40
1617217980, 286, 15, 23, 0, 0, 0.06%, 0, 0, 2, 1203.99
1617217985, 290, 5, 23, 0, 0, 0.06%, 0, 0, 2, 1181.14
1617217990, 293, 5, 23, 0, 0, 0.06%, 0, 0, 2, 1215.78
1617217995, 297, 6, 23, 0, 0, 0.06%, 0, 0, 2, 1158.07
1617218000, 299, 11, 23, 0, 0, 0.06%, 0, 0, 2, 1223.73
1617218005, 302, 6, 23, 0, 0, 0.06%, 0, 0, 2, 1178.09
1617218010, 305, 13, 23, 0, 0, 0.06%, 0, 0, 2, 1267.49
1617218015, 308, 11, 23, 0, 0, 0.06%, 0, 0, 2, 1268.53
1617218020, 311, 15, 23, 0, 0, 0.06%, 0, 0, 2, 1255.35
1617218025, 315, 4, 23, 0, 0, 0.06%, 0, 0, 2, 1179.15
1617218031, 318, 15, 23, 0, 0, 0.06%, 0, 0, 2, 1218.76
1617218036, 321, 19, 23, 0, 0, 0.06%, 0, 0, 2, 1221.09
1617218041, 324, 11, 23, 0, 0, 0.06%, 0, 0, 2, 1167.86
1617218046, 327, 20, 23, 0, 0, 0.06%, 0, 0, 2, 1198.80
1617218051, 331, 5, 23, 0, 0, 0.06%, 0, 0, 2, 1163.11
1617218056, 334, 11, 23, 0, 0, 0.06%, 0, 0, 2, 1190.69
1617218061, 337, 5, 23, 0, 0, 0.06%, 0, 0, 2, 1157.70
1617218066, 340, 5, 23, 0, 0, 0.06%, 0, 0, 2, 1255.13
1617218072, 342, 18, 23, 0, 0, 0.06%, 0, 0, 2, 1259.68
1617218077, 345, 15, 23, 0, 0, 0.06%, 0, 0, 2, 1165.22
1617218082, 349, 5, 23, 0, 0, 0.06%, 0, 0, 2, 1220.20
1617218087, 353, 5, 23, 0, 0, 0.06%, 0, 0, 2, 1214.70
1617218092, 355, 15, 23, 0, 0, 0.06%, 0, 0, 2, 1170.33
1617218097, 358, 7, 23, 0, 0, 0.06%, 0, 0, 2, 1211.59
1617218103, 360, 3, 23, 0, 0, 0.06%, 0, 0, 2, 1132.02
1617218108, 363, 10, 23, 0, 0, 0.06%, 0, 0, 2, 1202.95
1617218113, 367, 5, 23, 0, 0, 0.06%, 0, 0, 2, 1206.64
1617218118, 370, 5, 23, 0, 0, 0.06%, 0, 0, 2, 1153.83
1617218123, 373, 5, 23, 0, 0, 0.06%, 0, 0, 2, 1253.90
1617218128, 376, 6, 23, 0, 0, 0.06%, 0, 0, 2, 1192.15
1617218133, 379, 2, 23, 0, 0, 0.06%, 0, 0, 2, 1240.42
1617218138, 382, 6, 23, 0, 0, 0.06%, 0, 0, 2, 1230.51
1617218143, 385, 10, 23, 0, 0, 0.06%, 0, 0, 2, 1163.42
1617218149, 389, 0, 23, 0, 0, 0.06%, 0, 0, 2, 1207.69
1617218154, 392, 11, 23, 0, 0, 0.06%, 0, 0, 2, 1199.50
1617218159, 394, 17, 23, 0, 0, 0.06%, 0, 0, 2, 1159.32
1617218164, 397, 9, 23, 0, 0, 0.06%, 0, 0, 2, 1211.46
1617218169, 400, 6, 23, 0, 0, 0.06%, 0, 0, 2, 1148.43
1617218174, 403, 12, 23, 0, 0, 0.06%, 0, 0, 2, 1238.18
1617218179, 406, 10, 23, 0, 0, 0.06%, 0, 0, 2, 1178.07
1617218184, 409, 6, 23, 0, 0, 0.06%, 0, 0, 2, 1275.82
1617218189, 411, 18, 23, 0, 0, 0.06%, 0, 0, 2, 1214.30
1617218194, 414, 20, 23, 0, 0, 0.06%, 0, 0, 2, 1205.04
1617218199, 418, 5, 23, 0, 0, 0.06%, 0, 0, 2, 1215.30
1617218205, 421, 5, 23, 0, 0, 0.06%, 0, 0, 2, 1159.20
1617218210, 424, 5, 23, 0, 0, 0.06%, 0, 0, 2, 1195.77
1617218215, 428, 5, 23, 0, 0, 0.06%, 0, 0, 2, 1162.16
1617218220, 431, 5, 23, 0, 0, 0.06%, 0, 0, 2, 1265.77
1617218225, 433, 5, 23, 0, 0, 0.06%, 0, 0, 2, 1193.94
1617218230, 436, 11, 23, 0, 0, 0.06%, 0, 0, 2, 1248.11
1617218235, 438, 19, 23, 0, 0, 0.06%, 0, 0, 2, 1210.82
1617218240, 441, 18, 23, 0, 0, 0.06%, 0, 0, 2, 1164.83
1617218245, 444, 6, 23, 0, 0, 0.06%, 0, 0, 2, 1188.94
1617218250, 446, 15, 23, 0, 0, 0.06%, 0, 0, 2, 1180.55
1617218255, 449, 5, 23, 0, 0, 0.06%, 0, 0, 2, 1171.74
1617218260, 451, 14, 23, 0, 0, 0.06%, 0, 0, 2, 1215.57
1617218265, 454, 11, 23, 0, 0, 0.06%, 0, 0, 2, 1202.60
1617218270, 458, 16, 23, 0, 0, 0.06%, 0, 0, 2, 1264.90
1617218275, 462, 5, 23, 0, 0, 0.06%, 0, 0, 2, 1200.78
1617218280, 464, 5, 23, 0, 0, 0.06%, 0, 0, 2, 1193.34
1617218285, 467, 6, 23, 0, 0, 0.06%, 0, 0, 2, 1202.45
1617218290, 470, 5, 23, 0, 0, 0.06%, 0, 0, 2, 1147.90
1617218295, 473, 0, 23, 0, 0, 0.06%, 0, 0, 2, 1228.21
1617218300, 476, 6, 23, 0, 0, 0.06%, 0, 0, 2, 1204.12
1617218306, 480, 4, 23, 0, 0, 0.06%, 0, 0, 2, 1275.64
1617218311, 483, 6, 23, 0, 0, 0.06%, 0, 0, 2, 1217.04
1617218316, 486, 5, 23, 0, 0, 0.06%, 0, 0, 2, 1215.68
1617218321, 488, 15, 23, 0, 0, 0.06%, 0, 0, 2, 1235.28
1617218326, 491, 21, 23, 0, 0, 0.06%, 0, 0, 2, 1247.49
1617218331, 494, 5, 23, 0, 0, 0.06%, 0, 0, 2, 1214.88
1617218336, 495, 20, 23, 0, 0, 0.06%, 0, 0, 2, 1149.76
1617218342, 498, 15, 23, 0, 0, 0.06%, 0, 0, 2, 1200.75
1617218347, 502, 6, 23, 0, 0, 0.06%, 0, 0, 2, 1142.21
1617218352, 505, 19, 23, 0, 0, 0.06%, 0, 0, 2, 1262.29
1617218357, 508, 14, 23, 0, 0, 0.06%, 0, 0, 2, 1187.65
1617218362, 512, 15, 23, 0, 0, 0.06%, 0, 0, 2, 1205.13
1617218367, 516, 3, 23, 0, 0, 0.06%, 0, 0, 2, 1229.14
1617218372, 518, 11, 23, 0, 0, 0.06%, 0, 0, 2, 1191.80
1617218377, 522, 19, 23, 0, 0, 0.06%, 0, 0, 2, 1244.64
1617218382, 525, 8, 23, 0, 0, 0.06%, 0, 0, 2, 1205.88
1617218387, 528, 10, 23, 0, 0, 0.06%, 0, 0, 2, 1193.62
1617218392, 530, 11, 23, 0, 0, 0.06%, 0, 0, 2, 1198.35
1617218397, 533, 9, 23, 0, 0, 0.06%, 0, 0, 2, 1148.73
1617218402, 536, 5, 23, 0, 0, 0.06%, 0, 0, 2, 1169.16
1617218407, 538, 11, 23, 0, 0, 0.06%, 0, 0, 2, 1172.74
1617218413, 542, 6, 23, 0, 0, 0.06%, 0, 0, 2, 1210.86
1617218418, 545, 15, 23, 0, 0, 0.06%, 0, 0, 2, 1211.24
1617218423, 549, 15, 23, 0, 0, 0.06%, 0, 0, 2, 1201.92
1617218428, 552, 15, 23, 0, 0, 0.06%, 0, 0, 2, 1207.04
1617218433, 556, 5, 23, 0, 0, 0.06%, 0, 0, 2, 1169.27
1617218438, 559, 5, 23, 0, 0, 0.06%, 0, 0, 2, 1227.72
1617218443, 561, 5, 23, 0, 0, 0.06%, 0, 0, 2, 1179.60
1617218448, 564, 19, 23, 0, 0, 0.06%, 0, 0, 2, 1257.96
1617218454, 567, 14, 23, 0, 0, 0.06%, 0, 0, 2, 1201.97
1617218459, 571, 0, 23, 0, 0, 0.06%, 0, 0, 2, 1234.68
1617218464, 574, 5, 23, 0, 0, 0.06%, 0, 0, 2, 1223.26
1617218469, 577, 5, 23, 0, 0, 0.06%, 0, 0, 2, 1117.89
1617218474, 579, 5, 23, 0, 0, 0.06%, 0, 0, 2, 1206.48
1617218479, 582, 9, 23, 0, 0, 0.06%, 0, 0, 2, 1168.90
1617218484, 585, 5, 23, 0, 0, 0.06%, 0, 0, 2, 1277.97
1617218489, 589, 5, 23, 0, 0, 0.06%, 0, 0, 2, 1193.58
1617218494, 591, 12, 23, 0, 0, 0.06%, 0, 0, 2, 1215.40
1617218499, 595, 11, 23, 0, 0, 0.06%, 0, 0, 2, 1224.81
1617218504, 598, 5, 23, 0, 0, 0.06%, 0, 0, 2, 1154.76
1617218509, 601, 15, 23, 0, 0, 0.06%, 0, 0, 2, 1199.32
1617218514, 603, 20, 23, 0, 0, 0.06%, 0, 0, 2, 1162.12
1617218519, 606, 15, 23, 0, 0, 0.06%, 0, 0, 2, 1259.18
1617218524, 609, 6, 23, 0, 0, 0.06%, 0, 0, 2, 1172.64
1617218530, 613, 15, 23, 0, 0, 0.06%, 0, 0, 2, 1239.71
1617218535, 616, 22, 23, 0, 0, 0.06%, 0, 0, 2, 1201.44
1617218540, 619, 11, 23, 0, 0, 0.06%, 0, 0, 2, 1170.03
1617218545, 622, 11, 23, 0, 0, 0.06%, 0, 0, 2, 1197.62
1617218550, 625, 15, 23, 0, 0, 0.06%, 0, 0, 2, 1187.82
1617218555, 629, 5, 23, 0, 0, 0.06%, 0, 0, 2, 1233.39
1617218560, 631, 15, 23, 0, 0, 0.06%, 0, 0, 2, 1143.80
1617218565, 633, 18, 23, 0, 0, 0.06%, 0, 0, 2, 1250.73
1617218570, 637, 17, 23, 0, 0, 0.06%, 0, 0, 2, 1205.48
1617218575, 640, 15, 23, 0, 0, 0.06%, 0, 0, 2, 1186.62
1617218580, 644, 5, 23, 0, 0, 0.06%, 0, 0, 2, 1206.41
1617218585, 646, 18, 23, 0, 0, 0.06%, 0, 0, 2, 1159.07
1617218590, 650, 5, 23, 0, 0, 0.06%, 0, 0, 2, 1233.37
1617218595, 653, 5, 23, 0, 0, 0.06%, 0, 0, 2, 1171.32
1617218600, 656, 5, 23, 0, 0, 0.06%, 0, 0, 2, 1256.00
1617218606, 658, 18, 23, 0, 0, 0.06%, 0, 0, 2, 1191.99
1617218611, 662, 5, 23, 0, 0, 0.06%, 0, 0, 2, 1201.82
1617218616, 665, 5, 23, 0, 0, 0.06%, 0, 0, 2, 1226.38
1617218621, 667, 11, 23, 0, 0, 0.06%, 0, 0, 2, 1171.58
1617218626, 671, 5, 23, 0, 0, 0.06%, 0, 0, 2, 1213.84
1617218631, 674, 15, 23, 0, 0, 0.06%, 0, 0, 2, 1212.99
1617218637, 677, 14, 23, 0, 0, 0.06%, 0, 0, 2, 1162.78
1617218642, 679, 22, 23, 0, 0, 0.06%, 0, 0, 2, 1246.85
1617218647, 682, 13, 23, 0, 0, 0.06%, 0, 0, 2, 1190.82
1617218652, 686, 3, 23, 0, 0, 0.06%, 0, 0, 2, 1244.31
1617218657, 688, 15, 23, 0, 0, 0.06%, 0, 0, 2, 1225.26
1617218662, 691, 5, 23, 0, 0, 0.06%, 0, 0, 2, 1184.17
1617218667, 695, 5, 23, 0, 0, 0.06%, 0, 0, 2, 1217.89
1617218672, 698, 5, 23, 0, 0, 0.06%, 0, 0, 2, 1167.74
1617218678, 701, 11, 23, 0, 0, 0.06%, 0, 0, 2, 1221.82
1617218683, 705, 5, 23, 0, 0, 0.06%, 0, 0, 2, 1237.50
1617218688, 707, 19, 23, 0, 0, 0.06%, 0, 0, 2, 1153.17
1617218693, 709, 15, 23, 0, 0, 0.06%, 0, 0, 2, 1203.15
1617218698, 712, 10, 23, 0, 0, 0.06%, 0, 0, 2, 1115.56
1617218703, 714, 17, 23, 0, 0, 0.06%, 0, 0, 2, 953.81
1617218708, 716, 13, 23, 0, 0, 0.06%, 0, 0, 2, 1010.49
1617218713, 719, 5, 23, 0, 0, 0.06%, 0, 0, 2, 1086.28
1617218718, 722, 5, 23, 0, 0, 0.06%, 0, 0, 2, 1149.58
1617218723, 724, 7, 23, 0, 0, 0.06%, 0, 0, 2, 1176.23
1617218728, 726, 21, 23, 0, 0, 0.06%, 0, 0, 2, 1215.81
1617218733, 729, 17, 23, 0, 0, 0.06%, 0, 0, 2, 1208.10
1617218738, 733, 5, 23, 0, 0, 0.06%, 0, 0, 2, 1145.41
1617218743, 735, 11, 23, 0, 0, 0.06%, 0, 0, 2, 1199.14
1617218748, 737, 16, 23, 0, 0, 0.06%, 0, 0, 2, 1134.15
1617218753, 741, 15, 23, 0, 0, 0.06%, 0, 0, 2, 1211.76
1617218758, 744, 6, 23, 0, 0, 0.06%, 0, 0, 2, 1164.09
1617218763, 748, 7, 23, 0, 0, 0.06%, 0, 0, 2, 1220.17
1617218769, 751, 11, 23, 0, 0, 0.06%, 0, 0, 2, 1216.52
1617218774, 754, 15, 23, 0, 0, 0.06%, 0, 0, 2, 1153.83
1617218779, 758, 5, 23, 0, 0, 0.06%, 0, 0, 2, 1204.00
1617218784, 762, 2, 23, 0, 0, 0.06%, 0, 0, 2, 1182.64
1617218789, 763, 17, 23, 0, 0, 0.06%, 0, 0, 2, 1215.63
1617218794, 766, 6, 23, 0, 0, 0.06%, 0, 0, 2, 1164.23
1617218799, 771, 5, 23, 0, 0, 0.06%, 0, 0, 2, 1250.24
1617218804, 774, 15, 23, 0, 0, 0.06%, 0, 0, 2, 1225.73
1617218809, 776, 15, 23, 0, 0, 0.06%, 0, 0, 2, 1225.39
1617218814, 780, 5, 23, 0, 0, 0.06%, 0, 0, 2, 1245.34
1617218819, 783, 15, 23, 0, 0, 0.06%, 0, 0, 2, 1177.56
1617218824, 787, 1, 23, 0, 0, 0.06%, 0, 0, 2, 1229.39
1617218829, 790, 5, 23, 0, 0, 0.06%, 0, 0, 2, 1222.56
1617218835, 792, 8, 23, 0, 0, 0.06%, 0, 0, 2, 1091.94
1617218840, 795, 0, 23, 0, 0, 0.06%, 0, 0, 2, 1238.79
1617218845, 797, 11, 23, 0, 0, 0.06%, 0, 0, 2, 1195.83
1617218850, 800, 5, 23, 0, 0, 0.06%, 0, 0, 2, 1208.42
1617218855, 803, 5, 23, 0, 0, 0.06%, 0, 0, 2, 1218.86
1617218860, 805, 17, 23, 0, 0, 0.06%, 0, 0, 2, 1218.49
1617218865, 808, 11, 23, 0, 0, 0.06%, 0, 0, 2, 1151.15
1617218870, 812, 5, 23, 0, 0, 0.06%, 0, 0, 2, 1202.37
1617218875, 814, 5, 23, 0, 0, 0.06%, 0, 0, 2, 1168.17
1617218880, 817, 19, 23, 0, 0, 0.06%, 0, 0, 2, 1257.43
1617218885, 820, 19, 23, 0, 0, 0.06%, 0, 0, 2, 1262.33
1617218890, 822, 14, 23, 0, 0, 0.06%, 0, 0, 2, 1185.85
1617218896, 825, 5, 23, 0, 0, 0.06%, 0, 0, 2, 1222.38
1617218901, 827, 5, 23, 0, 0, 0.06%, 0, 0, 2, 1223.78
1617218906, 829, 22, 23, 0, 0, 0.06%, 0, 0, 2, 1160.18
1617218911, 833, 5, 23, 0, 0, 0.06%, 0, 0, 2, 1191.72
1617218916, 836, 11, 23, 0, 0, 0.06%, 0, 0, 2, 1159.61
1617218921, 839, 11, 23, 0, 0, 0.06%, 0, 0, 2, 1238.91
1617218926, 843, 11, 23, 0, 0, 0.06%, 0, 0, 2, 1171.78
1617218932, 846, 8, 23, 0, 0, 0.06%, 0, 0, 2, 1233.14
1617218937, 850, 5, 23, 0, 0, 0.06%, 0, 0, 2, 1216.52
1617218942, 852, 18, 23, 0, 0, 0.06%, 0, 0, 2, 1246.88
1617218947, 855, 15, 23, 0, 0, 0.06%, 0, 0, 2, 1219.51
1617218952, 859, 5, 23, 0, 0, 0.06%, 0, 0, 2, 1155.44
1617218957, 862, 16, 23, 0, 0, 0.06%, 0, 0, 2, 1195.56
1617218962, 865, 6, 23, 0, 0, 0.06%, 0, 0, 2, 1162.24
1617218967, 868, 11, 23, 0, 0, 0.06%, 0, 0, 2, 1235.39
1617218972, 871, 18, 23, 0, 0, 0.06%, 0, 0, 2, 1216.88
1617218977, 875, 5, 23, 0, 0, 0.06%, 0, 0, 2, 1201.30
1617218982, 878, 5, 23, 0, 0, 0.06%, 0, 0, 2, 1280.12
1617218988, 881, 4, 23, 0, 0, 0.06%, 0, 0, 2, 1214.06
1617218993, 883, 11, 23, 0, 0, 0.06%, 0, 0, 2, 1249.95
1617218998, 886, 5, 23, 0, 0, 0.06%, 0, 0, 2, 1256.02
1617219003, 889, 22, 23, 0, 0, 0.06%, 0, 0, 2, 1163.50
1617219008, 893, 5, 23, 0, 0, 0.06%, 0, 0, 2, 1148.50
1617219013, 896, 11, 23, 0, 0, 0.06%, 0, 0, 2, 1194.81
1617219018, 899, 8, 23, 0, 0, 0.06%, 0, 0, 2, 1172.81
1617219023, 902, 5, 23, 0, 0, 0.06%, 0, 0, 2, 1257.36
1617219028, 905, 5, 23, 0, 0, 0.06%, 0, 0, 2, 1256.67
1617219033, 908, 11, 23, 0, 0, 0.06%, 0, 0, 2, 1182.94
1617219039, 911, 15, 23, 0, 0, 0.06%, 0, 0, 2, 1246.94
1617219044, 914, 0, 23, 0, 0, 0.06%, 0, 0, 2, 1216.84
1617219049, 916, 9, 23, 0, 0, 0.06%, 0, 0, 2, 1204.32
1617219054, 919, 13, 23, 0, 0, 0.06%, 0, 0, 2, 1216.10
1617219059, 923, 5, 23, 0, 0, 0.06%, 0, 0, 2, 1166.49
1617219064, 927, 0, 23, 0, 0, 0.06%, 0, 0, 2, 1223.85
1617219069, 929, 11, 23, 0, 0, 0.06%, 0, 0, 2, 1194.88
1617219074, 932, 15, 23, 0, 0, 0.06%, 0, 0, 2, 1251.47
1617219080, 936, 9, 23, 0, 0, 0.06%, 0, 0, 2, 1180.79
1617219085, 940, 1, 23, 0, 0, 0.06%, 0, 0, 2, 1231.70
1617219090, 942, 6, 23, 0, 0, 0.06%, 0, 0, 2, 1159.08
1617219095, 945, 8, 23, 0, 0, 0.06%, 0, 0, 2, 1183.00
1617219100, 948, 6, 23, 0, 0, 0.06%, 0, 0, 2, 1167.58
1617219105, 951, 3, 23, 0, 0, 0.06%, 0, 0, 2, 1131.71
1617219110, 953, 5, 23, 0, 0, 0.06%, 0, 0, 2, 1207.78
1617219115, 956, 1, 23, 0, 0, 0.06%, 0, 0, 2, 1126.19
1617219121, 959, 5, 23, 0, 0, 0.06%, 0, 0, 2, 1246.40
1617219126, 962, 5, 23, 0, 0, 0.06%, 0, 0, 2, 1237.81
1617219131, 965, 5, 23, 0, 0, 0.06%, 0, 0, 2, 1220.43
1617219136, 967, 15, 23, 0, 0, 0.06%, 0, 0, 2, 1176.53
1617219141, 971, 15, 23, 0, 0, 0.06%, 0, 0, 2, 1193.64
1617219146, 975, 11, 23, 0, 0, 0.06%, 0, 0, 2, 1163.57
1617219151, 978, 4, 23, 0, 0, 0.06%, 0, 0, 2, 1237.41
1617219156, 982, 5, 23, 0, 0, 0.06%, 0, 0, 2, 1233.57
1617219161, 986, 3, 23, 0, 0, 0.06%, 0, 0, 2, 1228.43
1617219166, 988, 19, 23, 0, 0, 0.06%, 0, 0, 2, 1157.73
1617219172, 993, 4, 23, 0, 0, 0.06%, 0, 0, 2, 1258.56
1617219177, 996, 15, 23, 0, 0, 0.06%, 0, 0, 2, 1193.67
1617219182, 999, 5, 23, 0, 0, 0.06%, 0, 0, 2, 1230.20
1617219187, 1002, 5, 23, 0, 0, 0.06%, 0, 0, 2, 1192.51
1617219192, 1005, 5, 23, 0, 0, 0.06%, 0, 0, 2, 1149.79
1617219197, 1007, 11, 23, 0, 0, 0.06%, 0, 0, 2, 1191.75
1617219202, 1011, 5, 23, 0, 0, 0.06%, 0, 0, 2, 1167.93
1617219207, 1014, 15, 23, 0, 0, 0.06%, 0, 0, 2, 1233.43
1617219212, 1018, 5, 23, 0, 0, 0.06%, 0, 0, 2, 1178.88
1617219217, 1020, 5, 23, 0, 0, 0.06%, 0, 0, 2, 1251.37
1617219222, 1022, 5, 23, 0, 0, 0.06%, 0, 0, 2, 1198.64
1617219228, 1025, 5, 23, 0, 0, 0.06%, 0, 0, 2, 1231.62
1617219233, 1028, 5, 23, 0, 0, 0.06%, 0, 0, 2, 1202.71
1617219238, 1032, 5, 23, 0, 0, 0.06%, 0, 0, 2, 1168.94
1617219243, 1034, 17, 23, 0, 0, 0.06%, 0, 0, 2, 1188.87
1617219248, 1038, 5, 23, 0, 0, 0.06%, 0, 0, 2, 1156.17
1617219253, 1041, 5, 23, 0, 0, 0.06%, 0, 0, 2, 1259.90
1617219258, 1044, 11, 23, 0, 0, 0.06%, 0, 0, 2, 1186.97
1617219263, 1047, 5, 23, 0, 0, 0.06%, 0, 0, 2, 1220.49
1617219268, 1050, 5, 23, 0, 0, 0.06%, 0, 0, 2, 1253.63
1617219273, 1053, 5, 23, 0, 0, 0.06%, 0, 0, 2, 1239.81
1617219278, 1055, 17, 23, 0, 0, 0.06%, 0, 0, 2, 1202.54
1617219283, 1059, 4, 23, 0, 0, 0.06%, 0, 0, 2, 1157.29
1617219288, 1062, 5, 23, 0, 0, 0.06%, 0, 0, 2, 1176.11
1617219293, 1065, 11, 23, 0, 0, 0.06%, 0, 0, 2, 1189.45
1617219299, 1068, 5, 23, 0, 0, 0.06%, 0, 0, 2, 1265.54
1617219304, 1071, 11, 23, 0, 0, 0.06%, 0, 0, 2, 1234.48
1617219309, 1075, 5, 23, 0, 0, 0.06%, 0, 0, 2, 1181.57
1617219314, 1078, 3, 23, 0, 0, 0.06%, 0, 0, 2, 1212.59
1617219319, 1081, 5, 23, 0, 0, 0.06%, 0, 0, 2, 1229.15
1617219324, 1084, 6, 23, 0, 0, 0.06%, 0, 0, 2, 1141.26
1617219329, 1086, 17, 23, 0, 0, 0.06%, 0, 0, 2, 1237.69
1617219334, 1089, 20, 23, 0, 0, 0.06%, 0, 0, 2, 1233.57
1617219339, 1093, 5, 23, 0, 0, 0.06%, 0, 0, 2, 1189.56
1617219344, 1095, 17, 23, 0, 0, 0.06%, 0, 0, 2, 1252.27
1617219349, 1098, 15, 23, 0, 0, 0.06%, 0, 0, 2, 1192.22
1617219354, 1101, 5, 23, 0, 0, 0.06%, 0, 0, 2, 1215.95
1617219359, 1103, 11, 23, 0, 0, 0.06%, 0, 0, 2, 1199.34
1617219364, 1106, 15, 23, 0, 0, 0.06%, 0, 0, 2, 1158.91
1617219370, 1110, 1, 23, 0, 0, 0.06%, 0, 0, 2, 1217.52
1617219375, 1112, 11, 23, 0, 0, 0.06%, 0, 0, 2, 1187.90
1617219380, 1115, 5, 23, 0, 0, 0.06%, 0, 0, 2, 1254.33
1617219385, 1117, 16, 23, 0, 0, 0.06%, 0, 0, 2, 1166.00
1617219390, 1121, 5, 23, 0, 0, 0.06%, 0, 0, 2, 1240.87
